-298.624
-288.333
-278.22
-268.283
-258.523
-248.94
-239.534
-230.305
-221.252
-212.376
-203.678
-195.156
-186.811
-178.642
-170.651
-162.837
-155.199
-147.738
-140.454
-133.347
-126.417
-119.663
-113.087
-106.687
-100.464
-94.4184
-88.5493
-82.857
-77.3416
-72.003
-66.8413
-61.8564
-57.0484
-52.4173
-47.963
-43.6855
-39.5849
-35.6612
-31.9143
-28.3442
-24.951
-21.7347
-18.6952
-15.8326
-13.1468
-10.6379
-8.30579
-6.15056
-4.17219
-2.37068
-0.746012
0.701799
1.97276
3.06686
3.98412
4.72452
5.28807
5.67476
5.8846
5.91759
5.77373
5.45301
4.95545
4.28103
3.42975
2.40163
1.19665
-0.185185
-1.74387
-3.47941
-5.3918
-7.48104
-9.74713
-12.1901
-14.8099
-17.6065
-20.58
-23.7304
-27.0576
-30.5617
-34.2426
-38.1004
-42.135
-46.3465
-50.7348
-55.3
-60.042
-64.9609
-70.0566
-75.3292
-80.7787
-86.405
-92.2081
-98.1881
-104.345
-110.679
-117.189
-123.877
-130.741
-137.782
