30
29.8568
29.4283
28.7183
27.733
26.4811
24.9737
23.2243
21.2491
19.0662
16.6961
14.1615
11.4866
8.69766
5.82207
2.88836
-0.074222
-3.03606
-5.96756
-8.83948
-11.6234
-14.2918
-16.8188
-19.18
-21.353
-23.3174
-25.0549
-26.5499
-27.7887
-28.7604
-29.4565
-29.8707
-29.9996
-29.8421
-29.3994
-28.6755
-27.6766
-26.4116
-24.8918
-23.1308
-21.1447
-18.9519
-16.573
-14.0308
-11.3496
-8.55563
-5.67644
-2.74059
0.222664
3.18369
6.11289
8.98108
11.7598
14.4218
16.9411
19.2934
21.4564
23.4098
25.1356
26.618
27.8437
28.8019
29.4839
29.884
29.9986
29.8267
29.3698
28.632
27.6196
26.3415
24.8093
23.0366
21.0397
18.8371
16.4495
13.8997
11.2122
8.41338
5.53067
2.59274
-0.371101
-3.33123
-6.25807
-9.12246
-11.896
-14.5514
-17.0629
-19.4063
-21.5593
-23.5017
-25.2157
-26.6856
-27.8981
-28.8426
-29.5107
-29.8965
-29.9968
-29.8106
-29.3396
-28.5878
-27.5619
-26.2708
-24.7262
-22.9419
-20.9342
-18.7219
-16.3256
-13.7683
-11.0746
-8.27091
-5.38476
-2.44484
0.519528
3.4787
6.4031
9.26361
12.0319
14.6807
17.1843
19.5187
21.6616
23.593
25.2951
26.7524
27.9518
28.8826
29.5367
29.9083
29.9943
29.7938
29.3086
28.5429
27.5035
26.1995
24.6425
22.8466
20.8283
18.6062
16.2013
13.6366
10.9368
8.12825
5.23871
2.29687
-0.667943
-3.62607
-6.54797
-9.40452
-12.1675
-14.8096
-17.3053
-19.6306
-21.7634
-23.6838
-25.374
-26.8187
-28.0048
-28.922
-29.5621
-29.9194
-29.991
-29.7762
-29.2769
-28.4973
-27.4444
-26.1275
-24.5582
-22.7508
-20.7218
-18.49
-16.0766
-13.5045
-10.7986
-7.98538
-5.09254
-2.14884
0.81634
3.77336
6.69267
9.54521
12.3027
14.9382
17.4259
19.7421
21.8647
23.7739
25.4522
26.8843
28.0572
28.9607
29.5867
29.9298
29.9871
29.758
29.2445
28.4511
27.3847
26.0548
24.4733
22.6544
20.6148
18.3734
15.9515
13.3721
10.6602
7.84231
4.94623
2.00076
-0.964717
-3.92055
-6.8372
-9.68565
-12.4377
-15.0663
-17.5461
-19.853
-21.9654
-23.8635
-25.5298
-26.9492
-28.1089
-28.9986
-29.6106
-29.9395
-29.9824
-29.739
-29.2114
-28.4042
-27.3244
-25.9816
-24.3878
-22.5574
-20.5073
-18.2564
-15.826
-13.2394
-10.5215
-7.69904
-4.79981
-1.85263
1.11307
4.06764
6.98157
9.82585
12.5724
15.1941
17.6658
19.9635
22.0657
23.9525
25.6068
27.0135
28.1599
29.0359
29.6338
29.9484
29.977
29.7194
29.1776
28.3566
27.2634
25.9077
24.3017
22.4599
20.3993
18.1389
15.7001
13.1063
10.3826
7.55558
4.65326
1.70445
-1.2614
-4.21463
-7.12576
-9.96581
-12.7067
-15.3216
-17.785
-20.0735
-22.1653
-24.041
-25.6832
-27.0771
-28.2102
-29.0725
-29.6563
-29.9567
-29.9709
-29.699
-29.1431
-28.3083
-27.2017
-25.8332
-24.2151
-22.3619
-20.2907
-18.0209
-15.5738
-12.9729
-10.2434
-7.41194
-4.50659
-1.55623
1.40969
4.36152
7.26977
10.1055
12.8407
15.4486
17.9039
20.183
22.2644
24.1288
25.7589
27.1401
28.2599
29.1084
29.6781
29.9642
29.9641
29.6779
29.1079
28.2593
27.1394
25.7581
24.1278
22.2633
20.1817
17.9025
15.4472
12.8392
10.1039
7.2681
4.35982
1.40797
-1.55795
-4.50829
-7.4136
-10.245
-12.9745
-15.5753
-18.0223
-20.292
-22.363
-24.2161
-25.8341
-27.2024
-28.3088
-29.1435
-29.6992
-29.971
-29.9566
-29.6561
-29.0721
-28.2096
-27.0764
-25.6823
-24.0399
-22.1642
-20.0722
-17.7837
-15.3201
-12.7052
-9.96419
-7.12409
-4.21293
-1.25968
1.70617
4.65495
7.55724
10.3842
13.1078
15.7016
18.1402
20.4005
22.4611
24.3027
25.9086
27.2641
28.3571
29.178
29.7196
29.9771
29.9484
29.6336
29.0355
28.1593
27.0127
25.6059
23.9515
22.0645
19.9622
17.6644
15.1927
12.5708
9.82423
6.9799
4.06594
1.11135
-1.85434
-4.8015
-7.7007
-10.5231
-13.2409
-15.8275
-18.2577
-20.5085
-22.5586
-24.3888
-25.9824
-27.3251
-28.4047
-29.2118
-29.7392
-29.9825
-29.9394
-29.6103
-28.9982
-28.1083
-26.9484
-25.5289
-23.8625
-21.9643
-19.8518
-17.5447
-15.0649
-12.4361
-9.68403
-6.83553
-3.91885
-0.963002
2.00247
4.94793
7.84396
10.6618
13.3736
15.953
18.3748
20.616
22.6555
24.4743
26.0557
27.3854
28.4516
29.2449
29.7582
29.9871
29.9297
29.5864
28.9602
28.0566
26.8835
25.4513
23.7729
21.8635
19.7408
17.4245
14.9367
12.3012
9.54358
6.691
3.77166
0.814624
-2.15055
-5.09423
-7.98703
-10.8002
-13.506
-16.0781
-18.4914
-20.723
-22.7519
-24.5592
-26.1283
-27.4451
-28.4979
-29.2773
-29.7764
-29.9911
-29.9193
-29.5618
-28.9215
-28.0042
-26.8179
-25.3731
-23.6827
-21.7623
-19.6293
-17.3039
-14.8081
-12.1659
-9.40289
-6.54629
-3.62437
-0.666226
2.29858
5.2404
8.1299
10.9384
13.6381
16.2028
18.6075
20.8295
22.8477
24.6434
26.2003
27.5042
28.5434
29.3089
29.794
29.9943
29.9082
29.5364
28.8822
27.9512
26.7517
25.2942
23.592
21.6604
19.5174
17.1829
14.6792
12.0303
9.26198
6.40142
3.47699
0.517812
-2.44655
-5.38645
-8.27256
-11.0762
-13.7698
-16.3271
-18.7232
-20.9355
-22.943
-24.7271
-26.2716
-27.5625
-28.5883
-29.3399
-29.8108
-29.9968
-29.8964
-29.5104
-28.8421
-27.8975
-26.6848
-25.2148
-23.5007
-21.5581
-19.405
-17.0615
-14.5499
-11.8944
-9.12082
-6.2564
-3.32953
-0.369384
2.59445
5.53236
8.41502
11.2138
13.9012
16.451
18.8385
21.0409
23.0377
24.8102
26.3424
27.6202
28.6325
29.3702
29.8269
29.9986
29.8838
29.4836
28.8014
27.8431
26.6173
25.1347
23.4088
21.4552
19.2921
16.9397
14.4203
11.7583
8.97945
6.11121
3.18198
0.220948
-2.7423
-5.67813
-8.55727
-11.3512
-14.0323
-16.5745
-18.9532
-21.1459
-23.1318
-24.8927
-26.4124
-27.6773
-28.676
-29.3997
-29.8423
-29.9996
-29.8706
-29.4561
-28.7599
-27.7881
-26.5491
-25.054
-23.3163
-21.3518
-19.1787
-16.8174
-14.2903
-11.6218
-8.83784
-5.96588
-3.03436
-0.0725054
2.89007
5.82376
8.6993
11.4882
14.163
16.6976
19.0675
21.2503
23.2254
24.9746
26.4819
27.7336
28.7188
29.4286
29.8569
30
29.8566
29.428
28.7178
27.7323
26.4803
24.9727
23.2233
21.2479
19.0649
16.6947
14.16
11.485
8.69602
5.82039
2.88665
-0.0759387
-3.03777
-5.96924
-8.84112
-11.6249
-14.2933
-16.8202
-19.1813
-21.3542
-23.3184
-25.0559
-26.5507
-27.7893
-28.7609
-29.4568
-29.8709
-29.9996
-29.8419
-29.3991
-28.675
-27.676
-26.4108
-24.8908
-23.1297
-21.1435
-18.9506
-16.5716
-14.0292
-11.348
-8.55398
-5.67476
-2.73888
0.224381
3.1854
6.11457
8.98272
11.7614
14.4233
16.9425
19.2947
21.4576
23.4109
25.1366
26.6188
27.8444
28.8023
29.4842
29.8841
29.9985
29.8265
29.3695
28.6315
27.6189
26.3407
24.8083
23.0355
21.0385
18.8358
16.4481
13.8982
11.2107
8.41173
5.52898
2.59103
-0.372817
-3.33294
-6.25975
-9.12409
-11.8976
-14.5529
-17.0643
-19.4076
-21.5605
-23.5028
-25.2166
-26.6863
-27.8987
-28.8431
-29.511
-29.8967
-29.9967
-29.8104
-29.3392
-28.5873
-27.5612
-26.27
-24.7252
-22.9408
-20.933
-18.7206
-16.3242
-13.7668
-11.0731
-8.26927
-5.38307
-2.44313
0.521245
3.4804
6.40478
9.26524
12.0334
14.6822
17.1857
19.52
21.6628
23.5941
25.2961
26.7532
27.9524
28.8831
29.537
29.9085
29.9942
29.7936
29.3082
28.5424
27.5028
26.1986
24.6415
22.8455
20.827
18.6049
16.1999
13.6351
10.9352
8.1266
5.23702
2.29516
-0.669659
-3.62778
-6.54964
-9.40615
-12.169
-14.8111
-17.3067
-19.6319
-21.7646
-23.6848
-25.3749
-26.8194
-28.0055
-28.9224
-29.5623
-29.9196
-29.991
-29.776
-29.2765
-28.4968
-27.4438
-26.1266
-24.5572
-22.7497
-20.7205
-18.4887
-16.0752
-13.503
-10.797
-7.98372
-5.09085
-2.14713
0.818056
3.77506
6.69434
9.54683
12.3043
14.9397
17.4273
19.7434
21.8659
23.775
25.4531
26.885
28.0578
28.9611
29.587
29.9299
29.987
29.7578
29.2441
28.4506
27.3841
26.054
24.4723
22.6533
20.6135
18.3721
15.9501
13.3706
10.6586
7.84065
4.94454
1.99905
-0.966433
-3.92225
-6.83887
-9.68727
-12.4393
-15.0678
-17.5474
-19.8543
-21.9666
-23.8646
-25.5307
-26.9499
-28.1095
-28.9991
-29.6109
-29.9396
-29.9824
-29.7388
-29.211
-28.4036
-27.3237
-25.9807
-24.3868
-22.5563
-20.506
-18.255
-15.8245
-13.2378
-10.5199
-7.69738
-4.79811
-1.85092
1.11479
4.06934
6.98324
9.82747
12.5739
15.1956
17.6672
19.9648
22.0668
23.9536
25.6077
27.0142
28.1605
29.0363
29.6341
29.9485
29.977
29.7191
29.1772
28.356
27.2627
25.9069
24.3007
22.4588
20.398
18.1375
15.6986
13.1048
10.381
7.55392
4.65156
1.70274
-1.26311
-4.21633
-7.12742
-9.96743
-12.7083
-15.323
-17.7864
-20.0748
-22.1665
-24.042
-25.6841
-27.0778
-28.2108
-29.0729
-29.6566
-29.9568
-29.9709
-29.6987
-29.1427
-28.3077
-27.201
-25.8323
-24.214
-22.3608
-20.2895
-18.0195
-15.5724
-12.9714
-10.2418
-7.41027
-4.5049
-1.55452
1.4114
4.36321
7.27143
10.1071
12.8423
15.4501
17.9053
20.1843
22.2656
24.1298
25.7598
27.1408
28.2604
29.1088
29.6784
29.9643
29.964
29.6776
29.1075
28.2587
27.1386
25.7572
24.1268
22.2622
20.1805
17.9011
15.4457
12.8376
10.1023
7.26644
4.35812
1.40626
-1.55966
-4.50999
-7.41526
-10.2466
-12.976
-15.5767
-18.0236
-20.2933
-22.3642
-24.2171
-25.8349
-27.2031
-28.3094
-29.1439
-29.6995
-29.9711
-29.9565
-29.6558
-29.0716
-28.2091
-27.0756
-25.6814
-24.0389
-22.163
-20.071
