7.0101
7
6.9899
6.9798
6.9697
6.9596
6.94949
6.93939
6.92929
6.91919
6.90909
6.89899
6.88889
6.87879
6.86869
6.85859
6.84848
6.83838
6.82828
6.81818
6.80808
6.79798
6.78788
6.77778
6.76768
6.75758
6.74747
6.73737
6.72727
6.71717
6.70707
6.69697
6.68687
6.67677
6.66667
6.65657
6.64646
6.63636
6.62626
6.61616
6.60606
6.59596
6.58586
6.57576
6.56566
6.55556
6.54545
6.53535
6.52525
6.51515
6.50505
6.49495
6.48485
6.47475
6.46465
6.45455
6.44444
6.43434
6.42424
6.41414
6.40404
6.39394
6.38384
6.37374
6.36364
6.35354
6.34343
6.33333
6.32323
6.31313
6.30303
6.29293
6.28283
6.27273
6.26263
6.25253
6.24242
6.23232
6.22222
6.21212
6.20202
6.19192
6.18182
6.17172
6.16162
6.15152
6.14141
6.13131
6.12121
6.11111
6.10101
6.09091
6.08081
6.07071
6.06061
6.05051
6.0404
6.0303
6.0202
6.0101
