1.35717
1.4
1.4427
1.48526
1.5277
1.57001
1.61219
1.65424
1.69616
1.73795
1.77961
1.82115
1.86255
1.90383
1.94497
1.98599
2.02687
2.06763
2.10826
2.14876
2.18913
2.22937
2.26948
2.30947
2.34932
2.38904
2.42864
2.4681
2.50744
2.54664
2.58572
2.62467
2.66349
2.70218
2.74074
2.77917
2.81747
2.85565
2.89369
2.93161
2.96939
3.00705
3.04457
3.08197
3.11924
3.15638
3.19339
3.23027
3.26702
3.30364
3.34014
3.3765
3.41273
3.44884
3.48481
3.52066
3.55638
3.59197
3.62743
3.66276
3.69796
3.73303
3.76797
3.80278
3.83747
3.87202
3.90644
3.94074
3.97491
4.00894
4.04285
4.07663
4.11028
4.1438
4.17719
4.21045
4.24359
4.27659
4.30947
4.34221
4.37483
4.40731
4.43967
4.4719
4.504
4.53597
4.56781
4.59952
4.6311
4.66255
4.69387
4.72507
4.75613
4.78707
4.81788
4.84855
4.8791
4.90952
4.93981
4.96997
