theta: 	radius: 	period: 	PE: 	KE: 
0	1	0	-39.4784	0
0	1	0.1	-39.4784	7.79273
0	0.605216	0.2	-65.2303	31.1709
3.14159	0.184353	0.3	-214.146	174.354
3.14159	2.05172	0.4	-19.2416	4751.92
0	7.69704	0.5	-5.12904	4843.78
0	17.5396	0.6	-2.25082	4837.23
0	27.3755	0.7	-1.44211	4835.96
0	37.2101	0.8	-1.06096	4835.45
0	47.0441	0.9	-0.839178	4835.17
0	56.8779	1	-0.69409	4834.99
0	66.7115	1.1	-0.591778	4834.87
0	76.545	1.2	-0.515754	4834.78
0	86.3784	1.3	-0.45704	4834.72
0	96.2117	1.4	-0.410329	4834.67
0	106.045	1.5	-0.37228	4834.62
0	115.878	1.6	-0.340689	4834.59
0	125.711	1.7	-0.31404	4834.56
0	135.545	1.8	-0.291258	4834.54
0	145.378	1.9	-0.271558	4834.51
0	155.211	2	-0.254353	4834.5
0	165.044	2.1	-0.239199	4834.48
0	174.877	2.2	-0.22575	4834.47
0	184.71	2.3	-0.213732	4834.45
0	194.543	2.4	-0.202929	4834.44
0	204.376	2.5	-0.193165	4834.43
0	214.209	2.6	-0.184298	4834.42
0	224.042	2.7	-0.17621	4834.41
0	233.875	2.8	-0.168801	4834.41
0	243.708	2.9	-0.16199	4834.4
0	253.541	3	-0.155708	4834.39
0	263.374	3.1	-0.149895	4834.39
0	273.207	3.2	-0.1445	4834.38
0	283.04	3.3	-0.13948	4834.38
0	292.873	3.4	-0.134797	4834.37
0	302.706	3.5	-0.130418	4834.37
0	312.539	3.6	-0.126315	4834.36
0	322.372	3.7	-0.122462	4834.36
0	332.205	3.8	-0.118837	4834.35
0	342.038	3.9	-0.115421	4834.35
0	351.871	4	-0.112196	4834.35
0	361.704	4.1	-0.109146	4834.34
0	371.537	4.2	-0.106257	4834.34
0	381.37	4.3	-0.103517	4834.34
0	391.203	4.4	-0.100915	4834.34
0	401.036	4.5	-0.0984411	4834.33
0	410.869	4.6	-0.0960852	4834.33
0	420.702	4.7	-0.0938395	4834.33
0	430.535	4.8	-0.0916963	4834.33
0	440.368	4.9	-0.0896488	4834.32
0	450.2	5	-0.0876908	4834.32
0	460.033	5.1	-0.0858164	4834.32
0	469.866	5.2	-0.0840205	4834.32
0	479.699	5.3	-0.0822983	4834.32
0	489.532	5.4	-0.0806452	4834.31
0	499.365	5.5	-0.0790572	4834.31
0	509.198	5.6	-0.0775306	4834.31
0	519.031	5.7	-0.0760618	4834.31
0	528.864	5.8	-0.0746476	4834.31
0	538.697	5.9	-0.073285	4834.31
0	548.53	6	-0.0719713	4834.31
0	558.363	6.1	-0.0707039	4834.3
0	568.195	6.2	-0.0694803	4834.3
0	578.028	6.3	-0.0682984	4834.3
0	587.861	6.4	-0.067156	4834.3
0	597.694	6.5	-0.0660512	4834.3
0	607.527	6.6	-0.0649822	4834.3
0	617.36	6.7	-0.0639472	4834.3
0	627.193	6.8	-0.0629446	4834.3
0	637.026	6.9	-0.061973	4834.3
0	646.859	7	-0.061031	4834.29
0	656.692	7.1	-0.0601171	4834.29
0	666.525	7.2	-0.0592303	4834.29
0	676.357	7.3	-0.0583692	4834.29
0	686.19	7.4	-0.0575328	4834.29
0	696.023	7.5	-0.05672	4834.29
0	705.856	7.6	-0.0559298	4834.29
0	715.689	7.7	-0.0551614	4834.29
0	725.522	7.8	-0.0544138	4834.29
0	735.355	7.9	-0.0536862	4834.29
0	745.188	8	-0.0529778	4834.29
0	755.021	8.1	-0.0522879	4834.29
0	764.853	8.2	-0.0516157	4834.29
0	774.686	8.3	-0.0509605	4834.28
0	784.519	8.4	-0.0503218	4834.28
0	794.352	8.5	-0.0496989	4834.28
0	804.185	8.6	-0.0490912	4834.28
0	814.018	8.7	-0.0484982	4834.28
0	823.851	8.8	-0.0479194	4834.28
0	833.684	8.9	-0.0473542	4834.28
0	843.517	9	-0.0468022	4834.28
0	853.349	9.1	-0.0462629	4834.28
0	863.182	9.2	-0.0457359	4834.28
0	873.015	9.3	-0.0452208	4834.28
0	882.848	9.4	-0.0447171	4834.28
0	892.681	9.5	-0.0442246	4834.28
0	902.514	9.6	-0.0437427	4834.28
0	912.347	9.7	-0.0432713	4834.28
0	922.18	9.8	-0.0428099	4834.28
0	932.012	9.9	-0.0423583	4834.28
0	941.845	10	-0.041916	4834.28
0	951.678	10.1	-0.0414829	4834.28
0	961.511	10.2	-0.0410587	4834.27
0	971.344	10.3	-0.0406431	4834.27
0	981.177	10.4	-0.0402358	4834.27
0	991.01	10.5	-0.0398366	4834.27
0	1000.84	10.6	-0.0394452	4834.27
0	1010.68	10.7	-0.0390614	4834.27
0	1020.51	10.8	-0.0386851	4834.27
0	1030.34	10.9	-0.0383159	4834.27
0	1040.17	11	-0.0379537	4834.27
0	1050.01	11.1	-0.0375982	4834.27
0	1059.84	11.2	-0.0372494	4834.27
0	1069.67	11.3	-0.036907	4834.27
0	1079.51	11.4	-0.0365708	4834.27
0	1089.34	11.5	-0.0362407	4834.27
0	1099.17	11.6	-0.0359165	4834.27
0	1109	11.7	-0.0355981	4834.27
0	1118.84	11.8	-0.0352852	4834.27
0	1128.67	11.9	-0.0349778	4834.27
0	1138.5	12	-0.0346757	4834.27
0	1148.34	12.1	-0.0343788	4834.27
0	1158.17	12.2	-0.0340869	4834.27
0	1168	12.3	-0.0338	4834.27
0	1177.83	12.4	-0.0335178	4834.27
0	1187.67	12.5	-0.0332403	4834.27
0	1197.5	12.6	-0.0329674	4834.27
0	1207.33	12.7	-0.0326989	4834.27
0	1217.17	12.8	-0.0324347	4834.27
0	1227	12.9	-0.0321748	4834.27
0	1236.83	13	-0.031919	4834.27
0	1246.66	13.1	-0.0316672	4834.27
0	1256.5	13.2	-0.0314194	4834.26
0	1266.33	13.3	-0.0311755	4834.26
0	1276.16	13.4	-0.0309352	4834.26
0	1286	13.5	-0.0306987	4834.26
0	1295.83	13.6	-0.0304658	4834.26
0	1305.66	13.7	-0.0302363	4834.26
0	1315.49	13.8	-0.0300103	4834.26
0	1325.33	13.9	-0.0297877	4834.26
0	1335.16	14	-0.0295683	4834.26
0	1344.99	14.1	-0.0293521	4834.26
0	1354.83	14.2	-0.0291391	4834.26
0	1364.66	14.3	-0.0289291	4834.26
0	1374.49	14.4	-0.0287222	4834.26
0	1384.32	14.5	-0.0285182	4834.26
0	1394.16	14.6	-0.028317	4834.26
0	1403.99	14.7	-0.0281187	4834.26
0	1413.82	14.8	-0.0279232	4834.26
0	1423.66	14.9	-0.0277303	4834.26
0	1433.49	15	-0.0275401	4834.26
0	1443.32	15.1	-0.0273525	4834.26
0	1453.15	15.2	-0.0271674	4834.26
0	1462.99	15.3	-0.0269848	4834.26
0	1472.82	15.4	-0.0268046	4834.26
0	1482.65	15.5	-0.0266269	4834.26
0	1492.49	15.6	-0.0264514	4834.26
0	1502.32	15.7	-0.0262783	4834.26
0	1512.15	15.8	-0.0261074	4834.26
0	1521.98	15.9	-0.0259388	4834.26
0	1531.82	16	-0.0257723	4834.26
0	1541.65	16.1	-0.0256079	4834.26
0	1551.48	16.2	-0.0254456	4834.26
0	1561.32	16.3	-0.0252853	4834.26
0	1571.15	16.4	-0.0251271	4834.26
0	1580.98	16.5	-0.0249708	4834.26
0	1590.81	16.6	-0.0248165	4834.26
0	1600.65	16.7	-0.024664	4834.26
0	1610.48	16.8	-0.0245134	4834.26
0	1620.31	16.9	-0.0243647	4834.26
0	1630.15	17	-0.0242177	4834.26
0	1639.98	17.1	-0.0240725	4834.26
0	1649.81	17.2	-0.023929	4834.26
0	1659.64	17.3	-0.0237873	4834.26
0	1669.48	17.4	-0.0236472	4834.26
0	1679.31	17.5	-0.0235087	4834.26
0	1689.14	17.6	-0.0233719	4834.26
0	1698.98	17.7	-0.0232366	4834.26
0	1708.81	17.8	-0.0231029	4834.26
0	1718.64	17.9	-0.0229707	4834.26
0	1728.47	18	-0.02284	4834.26
0	1738.31	18.1	-0.0227108	4834.26
0	1748.14	18.2	-0.0225831	4834.26
0	1757.97	18.3	-0.0224568	4834.26
0	1767.81	18.4	-0.0223319	4834.26
0	1777.64	18.5	-0.0222083	4834.26
0	1787.47	18.6	-0.0220862	4834.26
0	1797.3	18.7	-0.0219653	4834.26
0	1807.14	18.8	-0.0218458	4834.26
0	1816.97	18.9	-0.0217276	4834.26
0	1826.8	19	-0.0216107	4834.26
0	1836.64	19.1	-0.021495	4834.25
0	1846.47	19.2	-0.0213805	4834.25
0	1856.3	19.3	-0.0212672	4834.25
0	1866.13	19.4	-0.0211552	4834.25
0	1875.97	19.5	-0.0210443	4834.25
0	1885.8	19.6	-0.0209346	4834.25
0	1895.63	19.7	-0.020826	4834.25
0	1905.47	19.8	-0.0207185	4834.25
0	1915.3	19.9	-0.0206121	4834.25
0	1925.13	20	-0.0205069	4834.25
0	1934.96	20.1	-0.0204027	4834.25
0	1944.8	20.2	-0.0202995	4834.25
0	1954.63	20.3	-0.0201974	4834.25
0	1964.46	20.4	-0.0200963	4834.25
0	1974.3	20.5	-0.0199962	4834.25
0	1984.13	20.6	-0.0198971	4834.25
0	1993.96	20.7	-0.019799	4834.25
0	2003.79	20.8	-0.0197018	4834.25
0	2013.63	20.9	-0.0196056	4834.25
0	2023.46	21	-0.0195103	4834.25
0	2033.29	21.1	-0.019416	4834.25
0	2043.13	21.2	-0.0193226	4834.25
0	2052.96	21.3	-0.01923	4834.25
0	2062.79	21.4	-0.0191383	4834.25
0	2072.62	21.5	-0.0190475	4834.25
0	2082.46	21.6	-0.0189576	4834.25
0	2092.29	21.7	-0.0188685	4834.25
0	2102.12	21.8	-0.0187803	4834.25
0	2111.96	21.9	-0.0186928	4834.25
0	2121.79	22	-0.0186062	4834.25
0	2131.62	22.1	-0.0185204	4834.25
0	2141.45	22.2	-0.0184353	4834.25
0	2151.29	22.3	-0.0183511	4834.25
0	2161.12	22.4	-0.0182676	4834.25
0	2170.95	22.5	-0.0181848	4834.25
0	2180.79	22.6	-0.0181028	4834.25
0	2190.62	22.7	-0.0180216	4834.25
0	2200.45	22.8	-0.0179411	4834.25
0	2210.28	22.9	-0.0178612	4834.25
0	2220.12	23	-0.0177821	4834.25
0	2229.95	23.1	-0.0177037	4834.25
0	2239.78	23.2	-0.017626	4834.25
0	2249.62	23.3	-0.017549	4834.25
0	2259.45	23.4	-0.0174726	4834.25
0	2269.28	23.5	-0.0173969	4834.25
0	2279.11	23.6	-0.0173218	4834.25
0	2288.95	23.7	-0.0172474	4834.25
0	2298.78	23.8	-0.0171736	4834.25
0	2308.61	23.9	-0.0171005	4834.25
0	2318.45	24	-0.017028	4834.25
0	2328.28	24.1	-0.0169561	4834.25
0	2338.11	24.2	-0.0168847	4834.25
0	2347.94	24.3	-0.016814	4834.25
0	2357.78	24.4	-0.0167439	4834.25
0	2367.61	24.5	-0.0166744	4834.25
0	2377.44	24.6	-0.0166054	4834.25
0	2387.28	24.7	-0.016537	4834.25
0	2397.11	24.8	-0.0164692	4834.25
0	2406.94	24.9	-0.0164019	4834.25
0	2416.77	25	-0.0163352	4834.25
0	2426.61	25.1	-0.016269	4834.25
0	2436.44	25.2	-0.0162033	4834.25
0	2446.27	25.3	-0.0161382	4834.25
0	2456.11	25.4	-0.0160736	4834.25
0	2465.94	25.5	-0.0160095	4834.25
0	2475.77	25.6	-0.0159459	4834.25
0	2485.6	25.7	-0.0158828	4834.25
0	2495.44	25.8	-0.0158202	4834.25
0	2505.27	25.9	-0.0157581	4834.25
0	2515.1	26	-0.0156965	4834.25
0	2524.94	26.1	-0.0156354	4834.25
0	2534.77	26.2	-0.0155748	4834.25
0	2544.6	26.3	-0.0155146	4834.25
0	2554.43	26.4	-0.0154549	4834.25
0	2564.27	26.5	-0.0153956	4834.25
0	2574.1	26.6	-0.0153368	4834.25
0	2583.93	26.7	-0.0152784	4834.25
0	2593.77	26.8	-0.0152205	4834.25
0	2603.6	26.9	-0.015163	4834.25
0	2613.43	27	-0.015106	4834.25
0	2623.26	27.1	-0.0150493	4834.25
0	2633.1	27.2	-0.0149931	4834.25
0	2642.93	27.3	-0.0149374	4834.25
0	2652.76	27.4	-0.014882	4834.25
0	2662.6	27.5	-0.014827	4834.25
0	2672.43	27.6	-0.0147725	4834.25
0	2682.26	27.7	-0.0147183	4834.25
0	2692.09	27.8	-0.0146646	4834.25
0	2701.93	27.9	-0.0146112	4834.25
0	2711.76	28	-0.0145582	4834.25
0	2721.59	28.1	-0.0145056	4834.25
0	2731.43	28.2	-0.0144534	4834.25
0	2741.26	28.3	-0.0144016	4834.25
0	2751.09	28.4	-0.0143501	4834.25
0	2760.92	28.5	-0.014299	4834.25
0	2770.76	28.6	-0.0142482	4834.25
0	2780.59	28.7	-0.0141979	4834.25
0	2790.42	28.8	-0.0141478	4834.25
0	2800.26	28.9	-0.0140981	4834.25
0	2810.09	29	-0.0140488	4834.25
0	2819.92	29.1	-0.0139998	4834.25
0	2829.75	29.2	-0.0139512	4834.25
0	2839.59	29.3	-0.0139029	4834.25
0	2849.42	29.4	-0.0138549	4834.25
0	2859.25	29.5	-0.0138072	4834.25
0	2869.09	29.6	-0.0137599	4834.25
0	2878.92	29.7	-0.0137129	4834.25
0	2888.75	29.8	-0.0136663	4834.25
0	2898.58	29.9	-0.0136199	4834.25
0	2908.42	30	-0.0135738	4834.25
0	2918.25	30.1	-0.0135281	4834.25
0	2928.08	30.2	-0.0134827	4834.25
0	2937.92	30.3	-0.0134376	4834.25
0	2947.75	30.4	-0.0133927	4834.25
0	2957.58	30.5	-0.0133482	4834.25
0	2967.41	30.6	-0.013304	4834.25
0	2977.25	30.7	-0.01326	4834.25
0	2987.08	30.8	-0.0132164	4834.25
0	2996.91	30.9	-0.013173	4834.25
0	3006.75	31	-0.0131299	4834.25
0	3016.58	31.1	-0.0130872	4834.25
0	3026.41	31.2	-0.0130446	4834.25
0	3036.24	31.3	-0.0130024	4834.25
0	3046.08	31.4	-0.0129604	4834.25
0	3055.91	31.5	-0.0129187	4834.25
0	3065.74	31.6	-0.0128773	4834.25
0	3075.58	31.7	-0.0128361	4834.25
0	3085.41	31.8	-0.0127952	4834.25
0	3095.24	31.9	-0.0127546	4834.25
0	3105.07	32	-0.0127142	4834.25
0	3114.91	32.1	-0.012674	4834.25
0	3124.74	32.2	-0.0126341	4834.25
0	3134.57	32.3	-0.0125945	4834.25
0	3144.41	32.4	-0.0125551	4834.25
0	3154.24	32.5	-0.012516	4834.25
0	3164.07	32.6	-0.0124771	4834.25
0	3173.9	32.7	-0.0124384	4834.25
0	3183.74	32.8	-0.0124	4834.25
0	3193.57	32.9	-0.0123618	4834.25
0	3203.4	33	-0.0123239	4834.25
0	3213.24	33.1	-0.0122862	4834.25
0	3223.07	33.2	-0.0122487	4834.25
0	3232.9	33.3	-0.0122115	4834.25
0	3242.73	33.4	-0.0121744	4834.25
0	3252.57	33.5	-0.0121376	4834.25
0	3262.4	33.6	-0.012101	4834.25
0	3272.23	33.7	-0.0120647	4834.25
0	3282.07	33.8	-0.0120285	4834.25
0	3291.9	33.9	-0.0119926	4834.25
0	3301.73	34	-0.0119569	4834.25
0	3311.56	34.1	-0.0119214	4834.25
0	3321.4	34.2	-0.0118861	4834.25
0	3331.23	34.3	-0.011851	4834.25
0	3341.06	34.4	-0.0118161	4834.25
0	3350.9	34.5	-0.0117815	4834.25
0	3360.73	34.6	-0.011747	4834.25
0	3370.56	34.7	-0.0117127	4834.25
0	3380.39	34.8	-0.0116786	4834.25
0	3390.23	34.9	-0.0116448	4834.25
0	3400.06	35	-0.0116111	4834.24
0	3409.89	35.1	-0.0115776	4834.24
0	3419.73	35.2	-0.0115443	4834.24
0	3429.56	35.3	-0.0115112	4834.24
0	3439.39	35.4	-0.0114783	4834.24
0	3449.22	35.5	-0.0114456	4834.24
0	3459.06	35.6	-0.0114131	4834.24
0	3468.89	35.7	-0.0113807	4834.24
0	3478.72	35.8	-0.0113485	4834.24
0	3488.56	35.9	-0.0113166	4834.24
0	3498.39	36	-0.0112847	4834.24
0	3508.22	36.1	-0.0112531	4834.24
0	3518.05	36.2	-0.0112217	4834.24
0	3527.89	36.3	-0.0111904	4834.24
0	3537.72	36.4	-0.0111593	4834.24
0	3547.55	36.5	-0.0111284	4834.24
0	3557.39	36.6	-0.0110976	4834.24
0	3567.22	36.7	-0.011067	4834.24
0	3577.05	36.8	-0.0110366	4834.24
0	3586.88	36.9	-0.0110063	4834.24
0	3596.72	37	-0.0109762	4834.24
0	3606.55	37.1	-0.0109463	4834.24
0	3616.38	37.2	-0.0109165	4834.24
0	3626.22	37.3	-0.0108869	4834.24
0	3636.05	37.4	-0.0108575	4834.24
0	3645.88	37.5	-0.0108282	4834.24
0	3655.71	37.6	-0.0107991	4834.24
0	3665.55	37.7	-0.0107701	4834.24
0	3675.38	37.8	-0.0107413	4834.24
0	3685.21	37.9	-0.0107127	4834.24
0	3695.05	38	-0.0106842	4834.24
0	3704.88	38.1	-0.0106558	4834.24
0	3714.71	38.2	-0.0106276	4834.24
0	3724.54	38.3	-0.0105995	4834.24
0	3734.38	38.4	-0.0105716	4834.24
0	3744.21	38.5	-0.0105439	4834.24
0	3754.04	38.6	-0.0105162	4834.24
0	3763.88	38.7	-0.0104888	4834.24
0	3773.71	38.8	-0.0104614	4834.24
0	3783.54	38.9	-0.0104343	4834.24
0	3793.37	39	-0.0104072	4834.24
0	3803.21	39.1	-0.0103803	4834.24
0	3813.04	39.2	-0.0103535	4834.24
0	3822.87	39.3	-0.0103269	4834.24
0	3832.7	39.4	-0.0103004	4834.24
0	3842.54	39.5	-0.010274	4834.24
0	3852.37	39.6	-0.0102478	4834.24
0	3862.2	39.7	-0.0102217	4834.24
0	3872.04	39.8	-0.0101958	4834.24
0	3881.87	39.9	-0.01017	4834.24
0	3891.7	40	-0.0101443	4834.24
0	3901.53	40.1	-0.0101187	4834.24
0	3911.37	40.2	-0.0100933	4834.24
0	3921.2	40.3	-0.0100679	4834.24
0	3931.03	40.4	-0.0100428	4834.24
0	3940.87	40.5	-0.0100177	4834.24
0	3950.7	40.6	-0.00999277	4834.24
0	3960.53	40.7	-0.00996796	4834.24
0	3970.36	40.8	-0.00994327	4834.24
0	3980.2	40.9	-0.00991871	4834.24
0	3990.03	41	-0.00989426	4834.24
0	3999.86	41.1	-0.00986994	4834.24
0	4009.7	41.2	-0.00984574	4834.24
0	4019.53	41.3	-0.00982165	4834.24
0	4029.36	41.4	-0.00979768	4834.24
0	4039.19	41.5	-0.00977383	4834.24
0	4049.03	41.6	-0.0097501	4834.24
0	4058.86	41.7	-0.00972648	4834.24
0	4068.69	41.8	-0.00970297	4834.24
0	4078.53	41.9	-0.00967958	4834.24
0	4088.36	42	-0.0096563	4834.24
0	4098.19	42.1	-0.00963313	4834.24
0	4108.02	42.2	-0.00961007	4834.24
0	4117.86	42.3	-0.00958713	4834.24
0	4127.69	42.4	-0.00956429	4834.24
0	4137.52	42.5	-0.00954156	4834.24
0	4147.36	42.6	-0.00951894	4834.24
0	4157.19	42.7	-0.00949642	4834.24
0	4167.02	42.8	-0.00947401	4834.24
0	4176.85	42.9	-0.00945171	4834.24
0	4186.69	43	-0.00942951	4834.24
0	4196.52	43.1	-0.00940742	4834.24
0	4206.35	43.2	-0.00938543	4834.24
0	4216.19	43.3	-0.00936354	4834.24
0	4226.02	43.4	-0.00934175	4834.24
0	4235.85	43.5	-0.00932007	4834.24
0	4245.68	43.6	-0.00929848	4834.24
0	4255.52	43.7	-0.009277	4834.24
0	4265.35	43.8	-0.00925561	4834.24
0	4275.18	43.9	-0.00923432	4834.24
0	4285.02	44	-0.00921313	4834.24
0	4294.85	44.1	-0.00919204	4834.24
0	4304.68	44.2	-0.00917104	4834.24
0	4314.51	44.3	-0.00915014	4834.24
0	4324.35	44.4	-0.00912934	4834.24
0	4334.18	44.5	-0.00910862	4834.24
0	4344.01	44.6	-0.00908801	4834.24
0	4353.85	44.7	-0.00906748	4834.24
0	4363.68	44.8	-0.00904705	4834.24
0	4373.51	44.9	-0.00902671	4834.24
0	4383.34	45	-0.00900646	4834.24
0	4393.18	45.1	-0.0089863	4834.24
0	4403.01	45.2	-0.00896623	4834.24
0	4412.84	45.3	-0.00894626	4834.24
0	4422.68	45.4	-0.00892636	4834.24
0	4432.51	45.5	-0.00890656	4834.24
0	4442.34	45.6	-0.00888685	4834.24
0	4452.17	45.7	-0.00886722	4834.24
0	4462.01	45.8	-0.00884768	4834.24
0	4471.84	45.9	-0.00882823	4834.24
0	4481.67	46	-0.00880886	4834.24
0	4491.51	46.1	-0.00878957	4834.24
0	4501.34	46.2	-0.00877037	4834.24
0	4511.17	46.3	-0.00875126	4834.24
0	4521	46.4	-0.00873222	4834.24
0	4530.84	46.5	-0.00871327	4834.24
0	4540.67	46.6	-0.0086944	4834.24
0	4550.5	46.7	-0.00867562	4834.24
0	4560.34	46.8	-0.00865691	4834.24
0	4570.17	46.9	-0.00863829	4834.24
0	4580	47	-0.00861974	4834.24
0	4589.83	47.1	-0.00860127	4834.24
0	4599.67	47.2	-0.00858289	4834.24
0	4609.5	47.3	-0.00856458	4834.24
0	4619.33	47.4	-0.00854635	4834.24
0	4629.17	47.5	-0.00852819	4834.24
0	4639	47.6	-0.00851012	4834.24
0	4648.83	47.7	-0.00849212	4834.24
0	4658.66	47.8	-0.00847419	4834.24
0	4668.5	47.9	-0.00845634	4834.24
0	4678.33	48	-0.00843857	4834.24
0	4688.16	48.1	-0.00842087	4834.24
0	4698	48.2	-0.00840325	4834.24
0	4707.83	48.3	-0.0083857	4834.24
0	4717.66	48.4	-0.00836822	4834.24
0	4727.49	48.5	-0.00835081	4834.24
0	4737.33	48.6	-0.00833348	4834.24
0	4747.16	48.7	-0.00831622	4834.24
0	4756.99	48.8	-0.00829903	4834.24
0	4766.83	48.9	-0.00828191	4834.24
0	4776.66	49	-0.00826486	4834.24
0	4786.49	49.1	-0.00824788	4834.24
0	4796.32	49.2	-0.00823097	4834.24
0	4806.16	49.3	-0.00821413	4834.24
0	4815.99	49.4	-0.00819736	4834.24
0	4825.82	49.5	-0.00818066	4834.24
0	4835.66	49.6	-0.00816403	4834.24
0	4845.49	49.7	-0.00814746	4834.24
0	4855.32	49.8	-0.00813096	4834.24
0	4865.15	49.9	-0.00811453	4834.24
0	4874.99	50	-0.00809816	4834.24
0	4884.82	50.1	-0.00808186	4834.24
0	4894.65	50.2	-0.00806562	4834.24
0	4904.49	50.3	-0.00804945	4834.24
0	4914.32	50.4	-0.00803335	4834.24
0	4924.15	50.5	-0.0080173	4834.24
0	4933.98	50.6	-0.00800133	4834.24
0	4943.82	50.7	-0.00798541	4834.24
0	4953.65	50.8	-0.00796956	4834.24
0	4963.48	50.9	-0.00795377	4834.24
0	4973.32	51	-0.00793805	4834.24
0	4983.15	51.1	-0.00792239	4834.24
0	4992.98	51.2	-0.00790678	4834.24
0	5002.81	51.3	-0.00789124	4834.24
0	5012.65	51.4	-0.00787576	4834.24
0	5022.48	51.5	-0.00786034	4834.24
0	5032.31	51.6	-0.00784499	4834.24
0	5042.14	51.7	-0.00782969	4834.24
0	5051.98	51.8	-0.00781445	4834.24
0	5061.81	51.9	-0.00779927	4834.24
0	5071.64	52	-0.00778415	4834.24
0	5081.48	52.1	-0.00776908	4834.24
0	5091.31	52.2	-0.00775408	4834.24
0	5101.14	52.3	-0.00773913	4834.24
0	5110.97	52.4	-0.00772424	4834.24
0	5120.81	52.5	-0.00770941	4834.24
0	5130.64	52.6	-0.00769464	4834.24
0	5140.47	52.7	-0.00767992	4834.24
0	5150.31	52.8	-0.00766526	4834.24
0	5160.14	52.9	-0.00765065	4834.24
0	5169.97	53	-0.0076361	4834.24
0	5179.8	53.1	-0.0076216	4834.24
0	5189.64	53.2	-0.00760716	4834.24
0	5199.47	53.3	-0.00759278	4834.24
0	5209.3	53.4	-0.00757844	4834.24
0	5219.14	53.5	-0.00756417	4834.24
0	5228.97	53.6	-0.00754994	4834.24
0	5238.8	53.7	-0.00753577	4834.24
0	5248.63	53.8	-0.00752165	4834.24
0	5258.47	53.9	-0.00750759	4834.24
0	5268.3	54	-0.00749358	4834.24
0	5278.13	54.1	-0.00747962	4834.24
0	5287.97	54.2	-0.00746571	4834.24
0	5297.8	54.3	-0.00745185	4834.24
0	5307.63	54.4	-0.00743805	4834.24
0	5317.46	54.5	-0.00742429	4834.24
0	5327.3	54.6	-0.00741059	4834.24
0	5337.13	54.7	-0.00739694	4834.24
0	5346.96	54.8	-0.00738333	4834.24
0	5356.8	54.9	-0.00736978	4834.24
0	5366.63	55	-0.00735628	4834.24
0	5376.46	55.1	-0.00734283	4834.24
0	5386.29	55.2	-0.00732942	4834.24
0	5396.13	55.3	-0.00731606	4834.24
0	5405.96	55.4	-0.00730276	4834.24
0	5415.79	55.5	-0.0072895	4834.24
0	5425.63	55.6	-0.00727629	4834.24
0	5435.46	55.7	-0.00726313	4834.24
0	5445.29	55.8	-0.00725001	4834.24
0	5455.12	55.9	-0.00723694	4834.24
0	5464.96	56	-0.00722392	4834.24
0	5474.79	56.1	-0.00721095	4834.24
0	5484.62	56.2	-0.00719802	4834.24
0	5494.46	56.3	-0.00718514	4834.24
0	5504.29	56.4	-0.0071723	4834.24
0	5514.12	56.5	-0.00715951	4834.24
0	5523.95	56.6	-0.00714677	4834.24
0	5533.79	56.7	-0.00713407	4834.24
0	5543.62	56.8	-0.00712141	4834.24
0	5553.45	56.9	-0.00710881	4834.24
0	5563.29	57	-0.00709624	4834.24
0	5573.12	57.1	-0.00708372	4834.24
0	5582.95	57.2	-0.00707125	4834.24
0	5592.78	57.3	-0.00705881	4834.24
0	5602.62	57.4	-0.00704642	4834.24
0	5612.45	57.5	-0.00703408	4834.24
0	5622.28	57.6	-0.00702178	4834.24
0	5632.12	57.7	-0.00700952	4834.24
0	5641.95	57.8	-0.0069973	4834.24
0	5651.78	57.9	-0.00698513	4834.24
0	5661.61	58	-0.006973	4834.24
0	5671.45	58.1	-0.00696091	4834.24
0	5681.28	58.2	-0.00694886	4834.24
0	5691.11	58.3	-0.00693685	4834.24
0	5700.95	58.4	-0.00692489	4834.24
0	5710.78	58.5	-0.00691297	4834.24
0	5720.61	58.6	-0.00690108	4834.24
0	5730.44	58.7	-0.00688924	4834.24
0	5740.28	58.8	-0.00687744	4834.24
0	5750.11	58.9	-0.00686568	4834.24
0	5759.94	59	-0.00685396	4834.24
0	5769.78	59.1	-0.00684228	4834.24
0	5779.61	59.2	-0.00683064	4834.24
0	5789.44	59.3	-0.00681904	4834.24
0	5799.27	59.4	-0.00680748	4834.24
0	5809.11	59.5	-0.00679595	4834.24
0	5818.94	59.6	-0.00678447	4834.24
0	5828.77	59.7	-0.00677302	4834.24
0	5838.61	59.8	-0.00676162	4834.24
0	5848.44	59.9	-0.00675025	4834.24
0	5858.27	60	-0.00673892	4834.24
0	5868.1	60.1	-0.00672763	4834.24
0	5877.94	60.2	-0.00671637	4834.24
0	5887.77	60.3	-0.00670516	4834.24
0	5897.6	60.4	-0.00669398	4834.24
0	5907.44	60.5	-0.00668284	4834.24
0	5917.27	60.6	-0.00667173	4834.24
0	5927.1	60.7	-0.00666066	4834.24
0	5936.93	60.8	-0.00664963	4834.24
0	5946.77	60.9	-0.00663864	4834.24
0	5956.6	61	-0.00662768	4834.24
0	5966.43	61.1	-0.00661675	4834.24
0	5976.27	61.2	-0.00660587	4834.24
0	5986.1	61.3	-0.00659502	4834.24
0	5995.93	61.4	-0.0065842	4834.24
0	6005.76	61.5	-0.00657342	4834.24
0	6015.6	61.6	-0.00656268	4834.24
0	6025.43	61.7	-0.00655197	4834.24
0	6035.26	61.8	-0.00654129	4834.24
0	6045.09	61.9	-0.00653065	4834.24
0	6054.93	62	-0.00652005	4834.24
0	6064.76	62.1	-0.00650948	4834.24
0	6074.59	62.2	-0.00649894	4834.24
0	6084.43	62.3	-0.00648844	4834.24
0	6094.26	62.4	-0.00647797	4834.24
0	6104.09	62.5	-0.00646753	4834.24
0	6113.92	62.6	-0.00645713	4834.24
0	6123.76	62.7	-0.00644676	4834.24
0	6133.59	62.8	-0.00643643	4834.24
0	6143.42	62.9	-0.00642613	4834.24
0	6153.26	63	-0.00641586	4834.24
0	6163.09	63.1	-0.00640562	4834.24
0	6172.92	63.2	-0.00639542	4834.24
0	6182.75	63.3	-0.00638525	4834.24
0	6192.59	63.4	-0.00637511	4834.24
0	6202.42	63.5	-0.006365	4834.24
0	6212.25	63.6	-0.00635493	4834.24
0	6222.09	63.7	-0.00634488	4834.24
0	6231.92	63.8	-0.00633487	4834.24
0	6241.75	63.9	-0.00632489	4834.24
0	6251.58	64	-0.00631495	4834.24
0	6261.42	64.1	-0.00630503	4834.24
0	6271.25	64.2	-0.00629514	4834.24
0	6281.08	64.3	-0.00628529	4834.24
0	6290.92	64.4	-0.00627546	4834.24
0	6300.75	64.5	-0.00626567	4834.24
0	6310.58	64.6	-0.00625591	4834.24
0	6320.41	64.7	-0.00624618	4834.24
0	6330.25	64.8	-0.00623647	4834.24
0	6340.08	64.9	-0.0062268	4834.24
0	6349.91	65	-0.00621716	4834.24
0	6359.75	65.1	-0.00620755	4834.24
0	6369.58	65.2	-0.00619796	4834.24
0	6379.41	65.3	-0.00618841	4834.24
0	6389.24	65.4	-0.00617889	4834.24
0	6399.08	65.5	-0.00616939	4834.24
0	6408.91	65.6	-0.00615993	4834.24
0	6418.74	65.7	-0.00615049	4834.24
0	6428.58	65.8	-0.00614108	4834.24
0	6438.41	65.9	-0.0061317	4834.24
0	6448.24	66	-0.00612235	4834.24
0	6458.07	66.1	-0.00611303	4834.24
0	6467.91	66.2	-0.00610374	4834.24
0	6477.74	66.3	-0.00609447	4834.24
0	6487.57	66.4	-0.00608524	4834.24
0	6497.41	66.5	-0.00607603	4834.24
0	6507.24	66.6	-0.00606685	4834.24
0	6517.07	66.7	-0.00605769	4834.24
0	6526.9	66.8	-0.00604857	4834.24
0	6536.74	66.9	-0.00603947	4834.24
0	6546.57	67	-0.0060304	4834.24
0	6556.4	67.1	-0.00602135	4834.24
0	6566.24	67.2	-0.00601234	4834.24
0	6576.07	67.3	-0.00600335	4834.24
0	6585.9	67.4	-0.00599438	4834.24
0	6595.73	67.5	-0.00598545	4834.24
0	6605.57	67.6	-0.00597654	4834.24
0	6615.4	67.7	-0.00596765	4834.24
0	6625.23	67.8	-0.0059588	4834.24
0	6635.07	67.9	-0.00594997	4834.24
0	6644.9	68	-0.00594116	4834.24
0	6654.73	68.1	-0.00593238	4834.24
0	6664.56	68.2	-0.00592363	4834.24
0	6674.4	68.3	-0.0059149	4834.24
0	6684.23	68.4	-0.0059062	4834.24
0	6694.06	68.5	-0.00589753	4834.24
0	6703.9	68.6	-0.00588888	4834.24
0	6713.73	68.7	-0.00588025	4834.24
0	6723.56	68.8	-0.00587165	4834.24
0	6733.39	68.9	-0.00586308	4834.24
0	6743.23	69	-0.00585453	4834.24
0	6753.06	69.1	-0.005846	4834.24
0	6762.89	69.2	-0.0058375	4834.24
0	6772.73	69.3	-0.00582903	4834.24
0	6782.56	69.4	-0.00582058	4834.24
0	6792.39	69.5	-0.00581215	4834.24
0	6802.22	69.6	-0.00580375	4834.24
0	6812.06	69.7	-0.00579537	4834.24
0	6821.89	69.8	-0.00578702	4834.24
0	6831.72	69.9	-0.00577869	4834.24
0	6841.56	70	-0.00577039	4834.24
0	6851.39	70.1	-0.00576211	4834.24
0	6861.22	70.2	-0.00575385	4834.24
0	6871.05	70.3	-0.00574561	4834.24
0	6880.89	70.4	-0.0057374	4834.24
0	6890.72	70.5	-0.00572922	4834.24
0	6900.55	70.6	-0.00572105	4834.24
0	6910.39	70.7	-0.00571291	4834.24
0	6920.22	70.8	-0.00570479	4834.24
0	6930.05	70.9	-0.0056967	4834.24
0	6939.88	71	-0.00568863	4834.24
0	6949.72	71.1	-0.00568058	4834.24
0	6959.55	71.2	-0.00567255	4834.24
0	6969.38	71.3	-0.00566455	4834.24
0	6979.21	71.4	-0.00565657	4834.24
0	6989.05	71.5	-0.00564861	4834.24
0	6998.88	71.6	-0.00564068	4834.24
0	7008.71	71.7	-0.00563276	4834.24
0	7018.55	71.8	-0.00562487	4834.24
0	7028.38	71.9	-0.005617	4834.24
0	7038.21	72	-0.00560915	4834.24
0	7048.04	72.1	-0.00560133	4834.24
0	7057.88	72.2	-0.00559353	4834.24
0	7067.71	72.3	-0.00558574	4834.24
0	7077.54	72.4	-0.00557798	4834.24
0	7087.38	72.5	-0.00557024	4834.24
0	7097.21	72.6	-0.00556253	4834.24
0	7107.04	72.7	-0.00555483	4834.24
0	7116.87	72.8	-0.00554716	4834.24
0	7126.71	72.9	-0.0055395	4834.24
0	7136.54	73	-0.00553187	4834.24
0	7146.37	73.1	-0.00552426	4834.24
0	7156.21	73.2	-0.00551667	4834.24
0	7166.04	73.3	-0.0055091	4834.24
0	7175.87	73.4	-0.00550155	4834.24
0	7185.7	73.5	-0.00549402	4834.24
0	7195.54	73.6	-0.00548651	4834.24
0	7205.37	73.7	-0.00547903	4834.24
0	7215.2	73.8	-0.00547156	4834.24
0	7225.04	73.9	-0.00546411	4834.24
0	7234.87	74	-0.00545669	4834.24
0	7244.7	74.1	-0.00544928	4834.24
0	7254.53	74.2	-0.0054419	4834.24
0	7264.37	74.3	-0.00543453	4834.24
0	7274.2	74.4	-0.00542718	4834.24
0	7284.03	74.5	-0.00541986	4834.24
0	7293.87	74.6	-0.00541255	4834.24
0	7303.7	74.7	-0.00540526	4834.24
0	7313.53	74.8	-0.005398	4834.24
0	7323.36	74.9	-0.00539075	4834.24
0	7333.2	75	-0.00538352	4834.24
0	7343.03	75.1	-0.00537631	4834.24
0	7352.86	75.2	-0.00536912	4834.24
0	7362.7	75.3	-0.00536195	4834.24
0	7372.53	75.4	-0.0053548	4834.24
0	7382.36	75.5	-0.00534767	4834.24
0	7392.19	75.6	-0.00534055	4834.24
0	7402.03	75.7	-0.00533346	4834.24
0	7411.86	75.8	-0.00532638	4834.24
0	7421.69	75.9	-0.00531933	4834.24
0	7431.53	76	-0.00531229	4834.24
0	7441.36	76.1	-0.00530527	4834.24
0	7451.19	76.2	-0.00529827	4834.24
0	7461.02	76.3	-0.00529129	4834.24
0	7470.86	76.4	-0.00528432	4834.24
0	7480.69	76.5	-0.00527738	4834.24
0	7490.52	76.6	-0.00527045	4834.24
0	7500.36	76.7	-0.00526354	4834.24
0	7510.19	76.8	-0.00525665	4834.24
0	7520.02	76.9	-0.00524977	4834.24
0	7529.85	77	-0.00524292	4834.24
0	7539.69	77.1	-0.00523608	4834.24
0	7549.52	77.2	-0.00522926	4834.24
0	7559.35	77.3	-0.00522246	4834.24
0	7569.19	77.4	-0.00521568	4834.24
0	7579.02	77.5	-0.00520891	4834.24
0	7588.85	77.6	-0.00520216	4834.24
0	7598.68	77.7	-0.00519543	4834.24
0	7608.52	77.8	-0.00518871	4834.24
0	7618.35	77.9	-0.00518202	4834.24
0	7628.18	78	-0.00517534	4834.24
0	7638.02	78.1	-0.00516867	4834.24
0	7647.85	78.2	-0.00516203	4834.24
0	7657.68	78.3	-0.0051554	4834.24
0	7667.51	78.4	-0.00514879	4834.24
0	7677.35	78.5	-0.0051422	4834.24
0	7687.18	78.6	-0.00513562	4834.24
0	7697.01	78.7	-0.00512906	4834.24
0	7706.85	78.8	-0.00512251	4834.24
0	7716.68	78.9	-0.00511599	4834.24
0	7726.51	79	-0.00510948	4834.24
0	7736.34	79.1	-0.00510298	4834.24
0	7746.18	79.2	-0.0050965	4834.24
0	7756.01	79.3	-0.00509004	4834.24
0	7765.84	79.4	-0.0050836	4834.24
0	7775.68	79.5	-0.00507717	4834.24
0	7785.51	79.6	-0.00507076	4834.24
0	7795.34	79.7	-0.00506436	4834.24
0	7805.17	79.8	-0.00505798	4834.24
0	7815.01	79.9	-0.00505162	4834.24
0	7824.84	80	-0.00504527	4834.24
0	7834.67	80.1	-0.00503894	4834.24
0	7844.51	80.2	-0.00503262	4834.24
0	7854.34	80.3	-0.00502632	4834.24
0	7864.17	80.4	-0.00502004	4834.24
0	7874	80.5	-0.00501377	4834.24
0	7883.84	80.6	-0.00500751	4834.24
0	7893.67	80.7	-0.00500128	4834.24
0	7903.5	80.8	-0.00499505	4834.24
0	7913.33	80.9	-0.00498885	4834.24
0	7923.17	81	-0.00498266	4834.24
0	7933	81.1	-0.00497648	4834.24
0	7942.83	81.2	-0.00497032	4834.24
0	7952.67	81.3	-0.00496417	4834.24
0	7962.5	81.4	-0.00495804	4834.24
0	7972.33	81.5	-0.00495193	4834.24
0	7982.16	81.6	-0.00494583	4834.24
0	7992	81.7	-0.00493974	4834.24
0	8001.83	81.8	-0.00493367	4834.24
0	8011.66	81.9	-0.00492762	4834.24
0	8021.5	82	-0.00492158	4834.24
0	8031.33	82.1	-0.00491555	4834.24
0	8041.16	82.2	-0.00490954	4834.24
0	8050.99	82.3	-0.00490355	4834.24
0	8060.83	82.4	-0.00489756	4834.24
0	8070.66	82.5	-0.0048916	4834.24
0	8080.49	82.6	-0.00488564	4834.24
0	8090.33	82.7	-0.00487971	4834.24
0	8100.16	82.8	-0.00487378	4834.24
0	8109.99	82.9	-0.00486787	4834.24
0	8119.82	83	-0.00486198	4834.24
0	8129.66	83.1	-0.0048561	4834.24
0	8139.49	83.2	-0.00485023	4834.24
0	8149.32	83.3	-0.00484438	4834.24
0	8159.16	83.4	-0.00483854	4834.24
0	8168.99	83.5	-0.00483272	4834.24
0	8178.82	83.6	-0.00482691	4834.24
0	8188.65	83.7	-0.00482111	4834.24
0	8198.49	83.8	-0.00481533	4834.24
0	8208.32	83.9	-0.00480956	4834.24
0	8218.15	84	-0.00480381	4834.24
0	8227.99	84.1	-0.00479807	4834.24
0	8237.82	84.2	-0.00479234	4834.24
0	8247.65	84.3	-0.00478663	4834.24
0	8257.48	84.4	-0.00478093	4834.24
0	8267.32	84.5	-0.00477524	4834.24
0	8277.15	84.6	-0.00476957	4834.24
0	8286.98	84.7	-0.00476391	4834.24
0	8296.82	84.8	-0.00475826	4834.24
0	8306.65	84.9	-0.00475263	4834.24
0	8316.48	85	-0.00474701	4834.24
0	8326.31	85.1	-0.0047414	4834.24
0	8336.15	85.2	-0.00473581	4834.24
0	8345.98	85.3	-0.00473023	4834.24
0	8355.81	85.4	-0.00472467	4834.24
0	8365.65	85.5	-0.00471911	4834.24
0	8375.48	85.6	-0.00471357	4834.24
0	8385.31	85.7	-0.00470804	4834.24
0	8395.14	85.8	-0.00470253	4834.24
0	8404.98	85.9	-0.00469703	4834.24
0	8414.81	86	-0.00469154	4834.24
0	8424.64	86.1	-0.00468606	4834.24
0	8434.48	86.2	-0.0046806	4834.24
0	8444.31	86.3	-0.00467515	4834.24
0	8454.14	86.4	-0.00466971	4834.24
0	8463.97	86.5	-0.00466429	4834.24
0	8473.81	86.6	-0.00465888	4834.24
0	8483.64	86.7	-0.00465348	4834.24
0	8493.47	86.8	-0.00464809	4834.24
0	8503.31	86.9	-0.00464271	4834.24
0	8513.14	87	-0.00463735	4834.24
0	8522.97	87.1	-0.004632	4834.24
0	8532.8	87.2	-0.00462666	4834.24
0	8542.64	87.3	-0.00462134	4834.24
0	8552.47	87.4	-0.00461603	4834.24
0	8562.3	87.5	-0.00461072	4834.24
0	8572.14	87.6	-0.00460544	4834.24
0	8581.97	87.7	-0.00460016	4834.24
0	8591.8	87.8	-0.00459489	4834.24
0	8601.63	87.9	-0.00458964	4834.24
0	8611.47	88	-0.0045844	4834.24
0	8621.3	88.1	-0.00457917	4834.24
0	8631.13	88.2	-0.00457396	4834.24
0	8640.97	88.3	-0.00456875	4834.24
0	8650.8	88.4	-0.00456356	4834.24
0	8660.63	88.5	-0.00455838	4834.24
0	8670.46	88.6	-0.00455321	4834.24
0	8680.3	88.7	-0.00454805	4834.24
0	8690.13	88.8	-0.0045429	4834.24
0	8699.96	88.9	-0.00453777	4834.24
0	8709.8	89	-0.00453265	4834.24
0	8719.63	89.1	-0.00452753	4834.24
0	8729.46	89.2	-0.00452243	4834.24
0	8739.29	89.3	-0.00451735	4834.24
0	8749.13	89.4	-0.00451227	4834.24
0	8758.96	89.5	-0.0045072	4834.24
0	8768.79	89.6	-0.00450215	4834.24
0	8778.62	89.7	-0.00449711	4834.24
0	8788.46	89.8	-0.00449208	4834.24
0	8798.29	89.9	-0.00448706	4834.24
0	8808.12	90	-0.00448205	4834.24
0	8817.96	90.1	-0.00447705	4834.24
0	8827.79	90.2	-0.00447206	4834.24
0	8837.62	90.3	-0.00446709	4834.24
0	8847.45	90.4	-0.00446212	4834.24
0	8857.29	90.5	-0.00445717	4834.24
0	8867.12	90.6	-0.00445223	4834.24
0	8876.95	90.7	-0.00444729	4834.24
0	8886.79	90.8	-0.00444237	4834.24
0	8896.62	90.9	-0.00443746	4834.24
0	8906.45	91	-0.00443256	4834.24
0	8916.28	91.1	-0.00442768	4834.24
0	8926.12	91.2	-0.0044228	4834.24
0	8935.95	91.3	-0.00441793	4834.24
0	8945.78	91.4	-0.00441308	4834.24
0	8955.62	91.5	-0.00440823	4834.24
0	8965.45	91.6	-0.0044034	4834.24
0	8975.28	91.7	-0.00439857	4834.24
0	8985.11	91.8	-0.00439376	4834.24
0	8994.95	91.9	-0.00438895	4834.24
0	9004.78	92	-0.00438416	4834.24
0	9014.61	92.1	-0.00437938	4834.24
0	9024.45	92.2	-0.00437461	4834.24
0	9034.28	92.3	-0.00436985	4834.24
0	9044.11	92.4	-0.0043651	4834.24
0	9053.94	92.5	-0.00436036	4834.24
0	9063.78	92.6	-0.00435563	4834.24
0	9073.61	92.7	-0.00435091	4834.24
0	9083.44	92.8	-0.0043462	4834.24
0	9093.28	92.9	-0.0043415	4834.24
0	9103.11	93	-0.00433681	4834.24
0	9112.94	93.1	-0.00433213	4834.24
0	9122.77	93.2	-0.00432746	4834.24
0	9132.61	93.3	-0.0043228	4834.24
0	9142.44	93.4	-0.00431815	4834.24
0	9152.27	93.5	-0.00431351	4834.24
0	9162.11	93.6	-0.00430888	4834.24
0	9171.94	93.7	-0.00430426	4834.24
0	9181.77	93.8	-0.00429965	4834.24
0	9191.6	93.9	-0.00429505	4834.24
0	9201.44	94	-0.00429046	4834.24
0	9211.27	94.1	-0.00428588	4834.24
0	9221.1	94.2	-0.00428131	4834.24
0	9230.94	94.3	-0.00427675	4834.24
0	9240.77	94.4	-0.0042722	4834.24
0	9250.6	94.5	-0.00426766	4834.24
0	9260.43	94.6	-0.00426313	4834.24
0	9270.27	94.7	-0.00425861	4834.24
0	9280.1	94.8	-0.00425409	4834.24
0	9289.93	94.9	-0.00424959	4834.24
0	9299.77	95	-0.0042451	4834.24
0	9309.6	95.1	-0.00424061	4834.24
0	9319.43	95.2	-0.00423614	4834.24
0	9329.26	95.3	-0.00423168	4834.24
0	9339.1	95.4	-0.00422722	4834.24
0	9348.93	95.5	-0.00422277	4834.24
0	9358.76	95.6	-0.00421834	4834.24
0	9368.6	95.7	-0.00421391	4834.24
0	9378.43	95.8	-0.00420949	4834.24
0	9388.26	95.9	-0.00420508	4834.24
0	9398.09	96	-0.00420068	4834.24
0	9407.93	96.1	-0.00419629	4834.24
0	9417.76	96.2	-0.00419191	4834.24
0	9427.59	96.3	-0.00418754	4834.24
0	9437.43	96.4	-0.00418318	4834.24
0	9447.26	96.5	-0.00417882	4834.24
0	9457.09	96.6	-0.00417448	4834.24
0	9466.92	96.7	-0.00417014	4834.24
0	9476.76	96.8	-0.00416582	4834.24
0	9486.59	96.9	-0.0041615	4834.24
0	9496.42	97	-0.00415719	4834.24
0	9506.26	97.1	-0.00415289	4834.24
0	9516.09	97.2	-0.0041486	4834.24
0	9525.92	97.3	-0.00414432	4834.24
0	9535.75	97.4	-0.00414004	4834.24
0	9545.59	97.5	-0.00413578	4834.24
0	9555.42	97.6	-0.00413152	4834.24
0	9565.25	97.7	-0.00412727	4834.24
0	9575.09	97.8	-0.00412304	4834.24
0	9584.92	97.9	-0.00411881	4834.24
0	9594.75	98	-0.00411459	4834.24
0	9604.58	98.1	-0.00411037	4834.24
0	9614.42	98.2	-0.00410617	4834.24
0	9624.25	98.3	-0.00410197	4834.24
0	9634.08	98.4	-0.00409779	4834.24
0	9643.91	98.5	-0.00409361	4834.24
0	9653.75	98.6	-0.00408944	4834.24
0	9663.58	98.7	-0.00408528	4834.24
0	9673.41	98.8	-0.00408113	4834.24
0	9683.25	98.9	-0.00407698	4834.24
0	9693.08	99	-0.00407285	4834.24
0	9702.91	99.1	-0.00406872	4834.24
0	9712.74	99.2	-0.0040646	4834.24
0	9722.58	99.3	-0.00406049	4834.24
0	9732.41	99.4	-0.00405639	4834.24
0	9742.24	99.5	-0.00405229	4834.24
0	9752.08	99.6	-0.00404821	4834.24
0	9761.91	99.7	-0.00404413	4834.24
0	9771.74	99.8	-0.00404006	4834.24
0	9781.57	99.9	-0.004036	4834.24
